0.0,3165.94,8731.54,11903.45,7757.18,0.0,0.0,2213.47,5887.74,16132.12,13615.5,4269.59,9099.25,0.0,13520.72,5371.21,16011.3,15778.86,0.0,17633.57,15462.43,15165.69,0.0,15238.99,0.0,0.0,0.0,17390.28,15191.11,15438.23,15612.42,15892.59,15626.48,0.0,16135.11,15225.48,15073.98,16693.12,0.0,16693.12,17377.09,0.0,0.0,17633.57,16231.72,16011.3,15626.48,0.0,0.0,0.0,15260.67,14430.67,13734.57,16540.18,15466.21,0.0,16220.25,15046.88,13116.35,13739.89,13734.57,13358.63,16618.13,0.0,13635.75,12997.24,15479.33,16772.15,12457.14,16548.5,16220.25,0.0,14001.52,0.0,0.0,0.0,0.0,0.0,0.0,0.0,0.0,0.0,0.0,0.0,0.0,0.0,0.0,0.0,0.0,0.0,0.0,0.0,0.0,0.0,0.0,0.0,0.0,0.0,0.0,0.0,0.0,0.0,0.0,0.0,0.0,0.0,0.0,0.0,6580.34,5271.73,0.0,0.0,10901.71,0.0,9165.09,3153.95,13101.03,14782.32,9382.32,17840.06,4174.07,16874.95,16599.96,2299.75,7579.479999999999,15112.74,6865.97,3597.36,12347.29,1523.97,6494.29,0.0,2908.21,5574.54,11830.8,0.0,6485.92,13267.95,12176.65,5571.97,15923.33,9602.04,15272.86,11044.55,4665.37,15495.11,15330.71,4955.01,12751.2,0.0,0.0,0.0,0.0,0.0,0.0,0.0,0.0,0.0,0.0,0.0,0.0,0.0,0.0,0.0,0.0,0.0,0.0,17323.27,0.0,0.0,0.0,0.0,0.0,16692.71,0.0,0.0,0.0,0.0,0.0,16943.45,0.0,0.0,0.0,16963.46,0.0,16722.56,0.0,0.0,17310.0,0.0,0.0,0.0,0.0,16744.97,0.0,0.0,0.0,0.0,0.0,0.0,0.0,0.0,0.0,0.0,0.0,0.0,0.0,0.0,0.0,0.0,0.0,0.0,0.0,0.0,9041.52,14392.85,6464.18,11584.16,0.0,10725.64,9319.97,8273.62,10913.95,0.0,10012.42,0.0,0.0,10012.42
3165.94,0.0,5625.76,8749.35,4695.51,16716.96,15274.0,1037.65,2910.29,12966.19,10451.78,1330.37,5982.33,0.0,10357.2,2391.12,13509.06,13160.73,14952.42,15294.95,12330.53,12333.9,16346.37,12313.06,15578.99,15471.28,0.0,15031.23,12337.72,12306.16,12457.45,12727.07,12472.69,14221.69,12970.7,12133.23,12039.26,13545.76,15792.86,13545.76,15020.31,15471.28,0.0,15294.95,13753.67,13509.06,12472.69,15581.01,15747.37,0.0,12334.42,13789.97,12815.38,16319.82,12617.08,0.0,15941.24,12365.57,10865.37,12823.89,12815.38,12159.41,16422.75,14101.22,12636.35,10769.99,12614.76,13708.5,10434.92,13507.87,15941.24,0.0,13226.38,0.0,0.0,0.0,0.0,16121.81,0.0,0.0,0.0,16350.16,0.0,16708.99,16540.09,16393.22,0.0,16395.53,0.0,0.0,0.0,0.0,0.0,0.0,0.0,16112.37,16508.11,0.0,0.0,16350.16,16446.65,0.0,0.0,0.0,0.0,0.0,0.0,16548.65,8905.88,7658.29,0.0,0.0,13107.06,0.0,11436.41,4646.63,15263.58,16959.59,11646.7,0.0,6290.6,0.0,0.0,3816.96,9884.73,17295.34,9176.75,1800.89,10210.65,1781.42,4541.54,16019.53,1270.64,3736.09,9687.7,0.0,4525.64,11172.77,10038.4,3745.69,13790.62,6596.78,12686.43,8151.33,3184.35,12935.39,12751.18,2099.92,10044.47,0.0,0.0,0.0,0.0,0.0,0.0,0.0,0.0,0.0,0.0,0.0,0.0,0.0,0.0,0.0,0.0,0.0,0.0,0.0,0.0,0.0,0.0,0.0,0.0,0.0,0.0,0.0,0.0,0.0,0.0,0.0,0.0,0.0,0.0,0.0,0.0,0.0,0.0,0.0,0.0,0.0,0.0,0.0,0.0,0.0,0.0,0.0,0.0,0.0,0.0,0.0,0.0,0.0,0.0,0.0,0.0,0.0,0.0,0.0,0.0,0.0,0.0,0.0,0.0,0.0,9261.92,13471.91,8090.27,11070.06,0.0,10422.11,9441.75,8768.21,10565.72,0.0,9915.24,0.0,0.0,9915.24
8731.54,5625.76,0.0,3280.12,1035.65,11465.75,10027.42,6659.59,2905.29,7631.76,5065.2,4470.84,387.42,16912.7,4968.68,3392.76,8920.21,8335.059999999998,10189.58,10953.16,6737.24,7082.72,11764.43,6879.18,10906.43,10784.96,12628.35,10661.22,7042.16,6713.24,6946.7,7351.87,6954.52,9346.31,7717.489999999998,6507.48,6447.38,8526.33,11503.64,8526.33,10655.76,10784.96,0.0,10953.16,9202.96,8920.21,6954.52,10914.68,11099.7,17117.12,6899.57,15651.39,14322.19,0.0,9305.13,0.0,0.0,9728.75,9822.62,14335.16,14322.19,13253.17,0.0,9466.59,14026.14,9811.13,9238.42,9281.98,10077.73,9222.35,0.0,0.0,14928.34,0.0,13682.46,14572.38,14779.97,13898.35,15013.23,15635.61,14410.16,13388.4,15472.45,13103.13,15100.94,14328.28,0.0,13312.88,15619.95,0.0,13308.79,14384.86,16603.32,14622.3,0.0,13491.99,14616.35,14572.38,16680.03,13388.4,13133.82,14410.16,13331.4,0.0,13371.98,0.0,15013.23,13139.78,14293.48,13113.81,0.0,0.0,0.0,0.0,16722.4,9956.6,0.0,0.0,16922.95,0.0,11694.59,0.0,0.0,9259.62,15232.52,0.0,14548.32,5528.07,6901.53,7406.75,4591.05,11839.99,5964.47,4866.16,6475.19,13976.0,4574.52,7791.64,6760.77,4887.08,10003.72,3907.99,10334.84,5478.36,5512.86,10640.08,10414.16,3861.04,7697.89,0.0,0.0,0.0,0.0,0.0,0.0,0.0,0.0,0.0,0.0,0.0,0.0,0.0,0.0,0.0,0.0,0.0,0.0,0.0,0.0,0.0,0.0,0.0,0.0,0.0,0.0,0.0,0.0,0.0,0.0,0.0,0.0,0.0,0.0,0.0,0.0,0.0,0.0,0.0,0.0,0.0,0.0,0.0,0.0,0.0,0.0,0.0,0.0,0.0,0.0,0.0,0.0,0.0,0.0,0.0,0.0,0.0,0.0,0.0,0.0,0.0,0.0,0.0,0.0,0.0,12884.27,14896.54,13104.17,13464.78,0.0,13214.26,12923.52,12756.84,13274.36,0.0,13057.44,0.0,0.0,13057.44
11903.45,8749.35,3280.12,0.0,4315.55,8193.1,6759.32,9761.19,6171.81,4355.25,1790.75,7688.279999999999,2892.84,13633.8,1694.58,6641.74,8214.35,7388.649999999999,7128.46,10322.56,3641.22,5592.96,8765.66,4980.34,7878.05,7751.89,9652.65,10025.85,5462.8,3616.42,3708.98,4071.92,3723.46,6243.14,4460.47,3683.51,4004.46,5363.04,10883.39,5363.04,10026.94,7751.89,16117.47,10322.56,8509.83,8214.35,3723.46,7889.62,8080.47,14150.16,4995.15,16377.68,14933.75,0.0,7340.8,0.0,0.0,8215.84,9394.1,14948.31,14933.75,13713.96,0.0,6508.55,14593.26,9438.45,7232.58,6476.39,10042.47,6523.23,0.0,0.0,15608.81,0.0,10743.14,11406.38,11591.64,12294.31,11804.38,12413.41,11273.24,11338.96,12251.6,10653.45,13916.72,12798.74,0.0,11189.31,12396.89,0.0,10630.46,11247.22,15864.62,11453.3,0.0,11657.61,13178.75,11406.38,13443.99,11338.96,10870.73,11273.24,10653.67,14118.73,10642.81,14131.47,11804.38,10814.45,17072.06,15963.39,0.0,0.0,0.0,0.0,0.0,12776.33,0.0,0.0,0.0,0.0,14528.87,0.0,0.0,12175.09,0.0,0.0,17310.81,8803.79,7820.08,10509.88,7622.62,11307.46,9211.28,8042.93,7563.489999999998,12976.32,7609.04,8481.13,7734.439999999999,8062.859999999999,10025.86,4260.77,8951.17,4956.89,8755.719999999998,9260.61,9031.4,7122.66,6749.13,0.0,0.0,0.0,0.0,0.0,0.0,0.0,0.0,0.0,0.0,0.0,0.0,0.0,0.0,0.0,0.0,0.0,0.0,0.0,0.0,0.0,0.0,0.0,0.0,0.0,0.0,0.0,0.0,0.0,0.0,0.0,0.0,0.0,0.0,0.0,0.0,0.0,0.0,0.0,0.0,0.0,0.0,0.0,0.0,0.0,0.0,0.0,0.0,0.0,0.0,0.0,0.0,0.0,0.0,0.0,0.0,0.0,0.0,0.0,0.0,0.0,0.0,0.0,0.0,0.0,14717.99,15423.46,15661.73,14621.87,0.0,14598.81,14683.19,14783.92,14610.97,0.0,14634.38,0.0,0.0,14634.38
7757.18,4695.51,1035.65,4315.55,0.0,12500.86,11062.04,5733.14,1889.16,8667.35,6100.79,3487.65,1423.07,0.0,6004.27,2391.72,9351.43,8847.3,11188.26,11320.83,7740.939999999999,7766.95,12747.59,7659.739999999998,11897.33,11777.02,13604.96,11035.41,7748.18,7717.18,7973.439999999999,8387.399999999998,7980.08,10354.3,8751.11,7468.609999999999,7344.02,9545.77,11859.29,9545.77,11028.15,11777.02,0.0,11320.83,9623.74,9351.43,7980.08,11904.91,12088.38,0.0,7680.77,15582.61,14304.39,0.0,10084.04,0.0,0.0,10395.18,10197.9,14316.7,14304.39,13297.19,0.0,10448.15,14026.21,10170.47,10027.51,10235.79,10330.71,10156.06,0.0,0.0,14881.53,0.0,14649.17,15586.77,15798.89,14540.63,16036.26,16661.19,15418.55,14148.08,16497.79,13960.78,15620.03,14947.48,0.0,14091.3,16645.7,0.0,14218.24,15393.42,16983.65,15637.28,0.0,14196.98,15208.66,15586.77,0.0,14148.08,13947.15,15418.55,14240.63,0.0,14292.73,0.0,16036.26,13967.93,13478.02,12273.06,0.0,0.0,17557.31,0.0,15943.74,9145.72,0.0,0.0,16147.63,0.0,10866.66,0.0,0.0,8409.3,14431.76,0.0,13738.55,4497.44,6891.37,6474.32,3708.01,12164.71,4953.96,3889.46,6423.12,14410.52,3690.0,7826.3,6737.12,3910.8,10193.69,4360.1,10959.5,6036.02,4494.9,11259.16,11037.4,2845.22,8268.889999999998,0.0,0.0,0.0,0.0,0.0,0.0,0.0,0.0,0.0,0.0,0.0,0.0,0.0,0.0,0.0,0.0,0.0,0.0,0.0,0.0,0.0,0.0,0.0,0.0,0.0,0.0,0.0,0.0,0.0,0.0,0.0,0.0,0.0,0.0,0.0,0.0,0.0,0.0,0.0,0.0,0.0,0.0,0.0,0.0,0.0,0.0,0.0,0.0,0.0,0.0,0.0,0.0,0.0,0.0,0.0,0.0,0.0,0.0,0.0,0.0,0.0,0.0,0.0,0.0,0.0,12451.22,14900.62,12385.08,13271.18,0.0,12942.92,12517.9,12251.2,13019.49,0.0,12718.08,0.0,0.0,12718.08
0.0,16716.96,11465.75,8193.1,12500.86,0.0,1445.3,0.0,14329.26,3839.3,6402.77,15777.72,11078.53,5563.25,6499.13,14776.6,11909.48,10997.1,2954.41,13426.54,5411.68,9231.88,3473.88,8286.3,3110.31,3075.47,3988.68,13211.44,9023.28,5426.44,4778.11,4138.75,4797.64,3033.94,3761.13,6246.35,7118.53,3308.46,13845.45,3308.46,13225.38,3075.47,9053.67,13426.54,12111.78,11909.48,4797.64,3134.96,3189.55,7376.75,8275.809999999998,0.0,0.0,0.0,7599.41,0.0,0.0,9134.89,12213.73,0.0,0.0,0.0,0.0,3765.98,0.0,12353.19,7451.67,4530.89,13408.21,4989.35,0.0,0.0,0.0,0.0,4847.46,3848.97,3860.32,11195.72,3922.17,4423.08,3939.08,9143.14,4274.9,7221.84,13565.7,11769.21,0.0,8790.83,4402.45,0.0,6183.65,3912.49,0.0,3869.17,0.0,10059.57,12309.74,3848.97,5360.71,9143.14,8088.02,3939.08,6199.97,5985.81,5940.21,6000.39,3922.17,7815.989999999998,0.0,0.0,0.0,0.0,0.0,0.0,0.0,0.0,0.0,0.0,0.0,0.0,0.0,0.0,0.0,0.0,0.0,0.0,0.0,16965.85,14058.01,0.0,15720.61,14336.3,0.0,16209.25,14052.71,14540.95,15708.88,14276.42,14056.3,16228.63,14429.3,10693.39,9806.1,9924.03,16945.47,9974.78,9848.67,15268.16,9819.72,0.0,12844.27,14537.65,14475.71,0.0,14537.65,0.0,0.0,13151.72,0.0,0.0,12796.88,0.0,0.0,0.0,0.0,13236.63,16052.12,0.0,14454.42,0.0,0.0,0.0,16255.98,0.0,0.0,0.0,0.0,0.0,0.0,0.0,0.0,13151.72,14037.26,0.0,13196.5,0.0,0.0,0.0,0.0,13593.1,0.0,0.0,0.0,0.0,14427.41,0.0,13201.12,0.0,0.0,0.0,0.0,13458.87,12979.56,0.0,0.0,0.0,0.0,0.0,0.0,0.0,13115.14,0.0,0.0,0.0,0.0,0.0,0.0,0.0,0.0,0.0,0.0,0.0,0.0,0.0,0.0,0.0,0.0,0.0
0.0,15274.0,10027.42,6759.32,11062.04,1445.3,0.0,16238.72,12886.26,2414.95,4968.61,14332.43,9640.4,6994.36,5064.74,13332.27,11039.16,10104.23,2365.19,12693.38,4174.43,8242.54,3549.39,7272.43,2863.09,2774.44,4298.28,12459.45,8030.859999999999,4185.9,3453.86,2728.95,3481.82,2021.36,2316.5,5076.04,6006.96,1984.64,13146.02,1984.64,12471.8,2774.44,10073.18,12693.38,11262.16,11039.16,3481.82,2889.22,3022.14,8273.46,7264.569999999999,0.0,0.0,0.0,6733.7,0.0,0.0,8275.059999999998,11213.33,0.0,0.0,16195.49,0.0,2912.3,0.0,11344.37,6578.94,3664.52,12368.63,4123.45,0.0,0.0,0.0,0.0,5330.38,4952.12,5044.48,10798.74,5179.48,5738.23,4944.76,8878.78,5582.18,7131.38,13105.41,11379.99,0.0,8552.12,5719.46,0.0,6295.66,4917.39,15737.89,4985.16,0.0,9714.080000000002,11908.1,4952.12,6726.37,8878.78,7895.75,4944.76,6315.36,7378.5,6110.11,7392.109999999999,5179.48,7657.939999999999,0.0,0.0,0.0,0.0,0.0,0.0,0.0,0.0,0.0,0.0,0.0,0.0,0.0,0.0,0.0,0.0,0.0,0.0,0.0,15522.67,12892.85,16973.55,14313.85,13638.72,15877.11,14787.26,12855.1,14090.11,14301.74,13173.03,12880.26,14806.81,13524.07,9302.54,8995.309999999998,8615.63,15514.59,9195.89,9046.27,13824.21,8697.0,0.0,13599.12,14697.75,14690.04,0.0,14697.75,0.0,0.0,13765.01,0.0,0.0,13637.53,0.0,0.0,0.0,0.0,13893.18,16045.87,0.0,14647.05,16280.48,0.0,0.0,16235.91,0.0,0.0,0.0,0.0,0.0,0.0,0.0,0.0,13765.01,14354.79,0.0,13797.59,0.0,0.0,0.0,0.0,13975.43,0.0,0.0,0.0,0.0,14681.96,0.0,13792.6,0.0,0.0,0.0,0.0,13891.54,13701.87,0.0,0.0,0.0,0.0,0.0,0.0,0.0,13800.67,0.0,0.0,0.0,0.0,0.0,0.0,0.0,0.0,0.0,0.0,0.0,0.0,0.0,0.0,0.0,0.0,0.0
2213.47,1037.65,6659.59,9761.19,5733.14,0.0,16238.72,0.0,3937.82,13949.12,11448.74,2329.5,7013.67,0.0,11354.7,3416.16,14473.9,14148.16,15848.78,16227.1,13353.92,13355.96,0.0,13345.82,16459.5,16354.28,0.0,15967.54,13362.6,13329.49,13466.69,13716.24,13483.06,15137.2,13942.52,13166.6,13076.83,14483.95,16717.17,14483.95,15956.1,16354.28,0.0,16227.1,14713.81,14473.9,13483.06,16460.62,16623.49,0.0,13367.22,13576.35,12692.92,15980.26,13331.98,0.0,15618.81,12986.61,11269.28,12700.35,12692.92,12134.99,16075.71,14984.27,12541.53,11162.47,13338.78,14565.71,10733.12,14347.46,15618.81,17043.75,13055.73,0.0,0.0,0.0,0.0,16625.4,0.0,0.0,0.0,16969.38,0.0,0.0,16907.73,16867.75,0.0,17033.22,0.0,0.0,0.0,0.0,0.0,0.0,0.0,16680.03,16952.61,0.0,0.0,16969.38,17119.57,0.0,0.0,0.0,0.0,0.0,0.0,0.0,7913.43,6652.41,0.0,0.0,12146.47,0.0,10460.85,3716.0,14315.0,16011.35,10672.81,0.0,5305.84,0.0,17761.6,2845.84,8899.03,16346.67,8187.43,2335.64,11081.6,749.52,5303.28,16930.75,1583.98,4435.84,10558.04,0.0,5289.42,12036.87,10909.04,4441.59,14671.71,7405.18,13258.76,8886.01,3727.21,13494.74,13320.14,3090.55,10674.06,0.0,0.0,0.0,0.0,0.0,0.0,0.0,0.0,0.0,0.0,0.0,0.0,0.0,0.0,0.0,0.0,0.0,0.0,0.0,0.0,0.0,0.0,0.0,0.0,16916.86,0.0,0.0,0.0,0.0,0.0,17288.31,0.0,0.0,0.0,17306.76,0.0,16917.32,0.0,0.0,0.0,0.0,0.0,0.0,0.0,16940.12,0.0,0.0,0.0,0.0,0.0,0.0,0.0,0.0,0.0,0.0,0.0,0.0,0.0,0.0,0.0,0.0,0.0,0.0,0.0,0.0,8737.489999999998,13353.85,7206.029999999999,10795.13,0.0,10071.97,8948.66,8159.51,10231.48,0.0,9494.37,0.0,0.0,9494.37
5887.74,2910.29,2905.29,6171.81,1889.16,14329.26,12886.26,3937.82,0.0,10507.26,7944.51,1628.65,3288.42,0.0,7848.029999999999,523.03,10694.2,10298.9,12880.07,12551.05,9630.03,9424.22,14393.2,9410.01,13565.91,13449.11,15231.05,12278.24,9427.43,9606.25,9851.74,10236.6,9859.77,12074.98,10570.35,9348.1,9187.84,11303.98,13066.26,11303.98,12268.61,13449.11,0.0,12551.05,10948.76,10694.2,9859.77,13571.71,13750.5,0.0,9431.45,15177.59,14007.69,0.0,11319.17,0.0,0.0,11415.38,10692.51,14018.62,14007.69,13127.84,0.0,12098.76,13765.88,10636.95,11282.76,11822.51,10601.0,11699.08,0.0,0.0,14524.63,0.0,16247.18,0.0,0.0,15464.19,0.0,0.0,0.0,15303.88,0.0,15317.0,16298.75,15823.01,0.0,15284.86,0.0,0.0,15684.42,17104.16,0.0,0.0,0.0,15244.89,16030.37,0.0,0.0,15303.88,15212.09,0.0,15706.23,0.0,15783.8,0.0,0.0,15262.98,11801.41,10563.68,0.0,0.0,15964.94,0.0,14313.5,7504.0,0.0,0.0,14521.76,0.0,9183.86,0.0,0.0,6709.68,12773.54,0.0,12069.45,2636.69,7676.279999999999,4662.3,2860.68,13324.33,3064.8,2599.59,7164.99,15703.65,2840.06,8643.729999999998,7508.05,2620.84,11186.19,5268.69,11893.32,6992.82,2908.24,12177.93,11967.33,956.54,9163.5,0.0,0.0,0.0,0.0,0.0,0.0,0.0,0.0,0.0,0.0,0.0,0.0,0.0,0.0,0.0,0.0,0.0,0.0,0.0,0.0,0.0,0.0,0.0,0.0,0.0,0.0,0.0,0.0,0.0,0.0,0.0,0.0,0.0,0.0,0.0,0.0,0.0,0.0,0.0,0.0,0.0,0.0,0.0,0.0,0.0,0.0,0.0,0.0,0.0,0.0,0.0,0.0,0.0,0.0,0.0,0.0,0.0,0.0,0.0,0.0,0.0,0.0,0.0,0.0,0.0,11430.39,14635.99,10867.34,12670.13,0.0,12206.11,11545.32,11103.56,12311.32,0.0,11861.8,0.0,0.0,11861.8
16132.12,12966.19,7631.76,4355.25,8667.35,3839.3,2414.95,13949.12,10507.26,0.0,2566.56,11981.76,7244.359999999999,9305.75,2663.08,10963.15,9436.74,8486.95,3482.87,11290.77,2186.16,6511.79,5122.96,5538.83,4239.51,4113.86,6001.21,11029.54,6303.05,2186.8,1304.26,348.69,1356.93,2599.02,428.19,3158.59,4147.84,1672.38,11791.7,1672.38,11038.88,4113.86,12227.4,11290.77,9690.55,9436.74,1356.93,4259.68,4446.58,10339.21,5536.61,0.0,16493.84,0.0,6341.38,0.0,0.0,7775.95,10266.96,16509.36,16493.84,15180.35,0.0,3336.19,16122.97,10374.53,6186.11,3796.0,11299.73,4132.57,0.0,0.0,0.0,0.0,7111.48,7246.14,7382.38,11066.3,7552.13,8132.319999999999,7177.96,9454.73,7973.81,8082.17,13188.61,11639.95,0.0,9186.97,8114.34,0.0,7584.68,7150.89,15633.44,7286.04,0.0,10114.93,12129.11,7246.14,9135.48,9454.73,8642.58,7177.96,7607.14,9792.74,7485.97,9806.23,7552.13,8472.42,0.0,0.0,0.0,0.0,0.0,0.0,0.0,16681.32,0.0,0.0,0.0,0.0,0.0,0.0,0.0,16174.85,0.0,0.0,0.0,13143.54,10769.57,14690.48,11899.99,12277.85,13520.36,12373.37,10682.93,13139.38,11887.79,11143.78,10740.43,12392.86,11814.66,7292.22,8559.469999999998,6922.48,13106.17,8816.069999999998,8625.36,11451.32,7545.37,0.0,15438.75,15742.72,15813.33,0.0,15742.72,0.0,0.0,15433.49,0.0,0.0,15574.22,0.0,0.0,0.0,0.0,15612.88,0.0,0.0,15739.95,0.0,0.0,0.0,0.0,0.0,0.0,0.0,0.0,0.0,0.0,0.0,0.0,15433.49,15628.51,0.0,15450.58,0.0,0.0,0.0,0.0,15343.48,0.0,0.0,0.0,0.0,15862.51,0.0,15433.75,0.0,0.0,0.0,0.0,15327.89,15502.39,0.0,0.0,0.0,0.0,0.0,0.0,0.0,15556.41,0.0,0.0,0.0,0.0,0.0,0.0,16819.02,0.0,0.0,0.0,0.0,0.0,0.0,0.0,0.0,0.0,0.0
13615.5,10451.78,5065.2,1790.75,6100.79,6402.77,4968.61,11448.74,7944.51,2566.56,0.0,9434.6,4677.8,11860.21,96.55,8405.09,8534.91,7625.62,5475.81,10580.19,2329.89,5656.47,7140.51,4822.81,6241.13,6112.97,8035.05,10293.1,5479.77,2306.88,2086.28,2292.71,2117.04,4568.67,2674.64,2802.07,3519.15,3648.7,11125.34,3648.7,10297.84,6112.97,14458.7,10580.19,8819.88,8534.91,2117.04,6255.1,6448.0,12511.09,4830.9,0.0,15384.61,0.0,6546.32,0.0,0.0,7682.479999999999,9459.71,15399.72,15384.61,14111.86,0.0,4954.18,15027.67,9533.330000000002,6414.5,5055.82,10294.81,5192.72,0.0,0.0,16083.14,0.0,9140.99,9658.2,9831.1,11547.25,10033.34,10635.86,9541.99,10328.99,10474.74,9388.9,13388.85,12086.06,0.0,10133.77,10618.99,0.0,9208.42,9515.62,15559.03,9703.37,0.0,10780.02,12514.01,9658.2,11660.51,10328.99,9728.9,9541.99,9231.7,12331.64,9185.44,12344.54,10033.34,9631.64,0.0,0.0,0.0,0.0,0.0,0.0,0.0,14320.19,0.0,0.0,0.0,0.0,16068.27,0.0,0.0,13766.3,0.0,0.0,0.0,10579.98,8943.03,12194.33,9384.32,11583.66,10967.91,9826.97,8765.069999999998,12933.08,9371.34,9477.27,8883.42,9846.75,10643.39,5239.54,8462.469999999998,5378.73,10546.15,8759.5,8539.27,8890.989999999998,6690.55,0.0,0.0,16848.16,16995.13,0.0,16848.16,0.0,0.0,0.0,0.0,0.0,0.0,0.0,0.0,0.0,0.0,0.0,0.0,0.0,16893.06,0.0,0.0,0.0,0.0,0.0,0.0,0.0,0.0,0.0,0.0,0.0,0.0,0.0,16962.36,0.0,0.0,0.0,0.0,0.0,0.0,16775.01,0.0,0.0,0.0,0.0,0.0,0.0,17130.39,0.0,0.0,0.0,0.0,16826.42,0.0,0.0,0.0,0.0,0.0,0.0,0.0,0.0,0.0,0.0,0.0,0.0,15783.39,15820.8,17062.31,15357.3,0.0,15447.61,15713.45,15940.89,15435.91,0.0,15576.85,0.0,0.0,15576.85
4269.59,1330.37,4470.84,7688.279999999999,3487.65,15777.72,14332.43,2329.5,1628.65,11981.76,9434.6,0.0,4844.04,0.0,9338.69,1106.74,12179.21,11831.53,14173.65,13972.65,11207.83,11028.5,15631.09,11033.83,14831.73,14719.17,16444.84,13707.59,11037.2,11183.79,11390.76,11725.03,11401.9,13403.26,12017.59,10956.17,10813.4,12676.86,14473.33,12676.86,13696.84,14719.17,0.0,13972.65,12424.41,12179.21,11401.9,14835.65,15008.69,0.0,11055.33,14590.8,13528.25,0.0,12203.1,0.0,16839.31,12112.17,10956.38,13537.85,13528.25,12771.27,0.0,13354.9,13321.13,10878.22,12184.74,13018.32,10675.58,12854.61,16839.31,0.0,13986.75,0.0,0.0,0.0,0.0,16023.4,0.0,0.0,0.0,16071.93,0.0,16268.42,16633.94,16336.16,0.0,16087.23,0.0,0.0,16737.39,0.0,0.0,0.0,0.0,15916.72,16493.95,0.0,0.0,16071.93,16080.08,0.0,16758.51,0.0,16860.23,0.0,0.0,16158.2,10232.05,8978.62,0.0,0.0,14437.39,0.0,12766.17,5976.09,16593.01,0.0,12976.63,0.0,7618.25,0.0,0.0,5145.82,11212.78,0.0,10503.85,1423.81,8923.139999999998,3040.96,3398.74,14705.41,1549.77,2707.72,8401.479999999998,17143.71,3380.81,9888.43,8751.37,2722.14,12493.12,6095.9,12507.8,7758.34,2438.41,12774.82,12577.25,769.59,9803.42,0.0,0.0,0.0,0.0,0.0,0.0,0.0,0.0,0.0,0.0,0.0,0.0,0.0,0.0,0.0,0.0,0.0,0.0,0.0,0.0,0.0,0.0,0.0,0.0,0.0,0.0,0.0,0.0,0.0,0.0,0.0,0.0,0.0,0.0,0.0,0.0,0.0,0.0,0.0,0.0,0.0,0.0,0.0,0.0,0.0,0.0,0.0,0.0,0.0,0.0,0.0,0.0,0.0,0.0,0.0,0.0,0.0,0.0,0.0,0.0,0.0,0.0,0.0,0.0,0.0,10367.94,14175.65,9407.43,11948.94,0.0,11375.34,10522.37,9938.1,11503.55,0.0,10933.72,0.0,0.0,10933.72
9099.25,5982.33,387.42,2892.84,1423.07,11078.53,9640.4,7013.67,3288.42,7244.359999999999,4677.8,4844.04,0.0,16525.78,4581.28,3771.87,8785.62,8169.689999999999,9817.72,10838.61,6364.64,6850.13,11398.74,6605.83,10537.69,10415.75,12265.2,10544.75,6800.42,6340.54,6563.46,6964.51,6571.82,8970.639999999998,7330.92,6154.51,6123.72,8145.859999999999,11392.7,8145.859999999999,10540.0,10415.75,0.0,10838.61,9071.71,8785.62,6571.82,10546.22,10731.84,16756.84,6625.89,15693.66,14347.12,0.0,9026.4,0.0,0.0,9495.74,9706.04,14360.32,14347.12,13256.52,0.0,9102.18,14044.79,9700.84,8955.53,8929.5,10008.11,8878.46,0.0,0.0,14963.29,0.0,13323.16,14193.52,14399.26,13669.73,14630.84,15252.19,14033.75,13113.27,15089.12,12788.54,14919.75,14108.43,0.0,13030.25,15236.45,0.0,12972.99,14008.38,16474.6,14243.19,0.0,13238.73,14406.85,14193.52,16295.54,13113.27,12837.21,14033.75,12995.67,16980.02,13031.55,16992.28,14630.84,12837.15,14605.17,13434.82,0.0,0.0,0.0,0.0,17020.14,10269.81,0.0,0.0,17219.43,0.0,12012.08,0.0,0.0,9586.61,15538.65,0.0,14857.91,5913.99,6945.92,7761.939999999999,4937.01,11740.45,6344.41,5237.58,6537.66,13830.59,4920.94,7814.779999999999,6810.98,5258.36,9960.22,3797.22,10117.75,5305.96,5895.38,10424.73,10197.51,4243.37,7509.08,0.0,0.0,0.0,0.0,0.0,0.0,0.0,0.0,0.0,0.0,0.0,0.0,0.0,0.0,0.0,0.0,0.0,0.0,0.0,0.0,0.0,0.0,0.0,0.0,0.0,0.0,0.0,0.0,0.0,0.0,0.0,0.0,0.0,0.0,0.0,0.0,0.0,0.0,0.0,0.0,0.0,0.0,0.0,0.0,0.0,0.0,0.0,0.0,0.0,0.0,0.0,0.0,0.0,0.0,0.0,0.0,0.0,0.0,0.0,0.0,0.0,0.0,0.0,0.0,0.0,13062.87,14912.54,13383.21,13555.92,0.0,13334.13,13092.25,12961.42,13388.15,0.0,13202.17,0.0,0.0,13202.17
0.0,0.0,16912.7,13633.8,0.0,5563.25,6994.36,0.0,0.0,9305.75,11860.21,0.0,16525.78,0.0,11956.57,0.0,15511.65,14728.76,7975.3,16499.15,10439.68,13368.74,7410.34,12564.19,7690.81,7737.54,7209.51,16358.39,13184.62,10459.94,10016.45,9567.51,10018.97,8400.399999999998,9287.51,11068.98,11736.18,8846.25,16781.91,8846.25,16376.56,7737.54,7645.27,16499.15,15637.14,15511.65,10018.97,7704.68,7631.43,7110.66,12547.75,0.0,0.0,0.0,12399.22,0.0,0.0,13833.37,0.0,0.0,0.0,0.0,0.0,8906.59,0.0,0.0,12273.58,9593.35,0.0,10002.56,0.0,0.0,0.0,0.0,7207.97,4655.49,4252.94,14687.33,3824.21,3358.45,5090.8,12486.71,3434.34,10409.3,0.0,15196.57,0.0,12111.76,3344.18,0.0,9085.49,5090.19,0.0,4596.04,0.0,13515.2,15732.56,4655.49,2879.44,12486.71,11387.74,5090.8,9088.56,2655.63,8758.55,2676.06,3824.21,11071.05,0.0,0.0,0.0,0.0,0.0,0.0,0.0,0.0,0.0,0.0,0.0,0.0,0.0,0.0,0.0,0.0,0.0,0.0,0.0,0.0,0.0,0.0,0.0,0.0,0.0,0.0,0.0,16598.57,0.0,0.0,0.0,0.0,0.0,16238.65,14369.39,15376.34,0.0,14461.47,14392.08,0.0,14982.0,0.0,12143.13,0.0,15797.48,0.0,0.0,0.0,0.0,13043.88,0.0,0.0,11693.61,0.0,0.0,0.0,0.0,12932.51,0.0,0.0,15855.5,0.0,0.0,0.0,0.0,0.0,0.0,0.0,0.0,0.0,0.0,0.0,0.0,13043.88,15018.8,0.0,13135.68,0.0,0.0,0.0,0.0,14371.46,0.0,0.0,0.0,0.0,15607.56,0.0,13180.43,0.0,0.0,0.0,0.0,14055.94,12411.6,0.0,0.0,0.0,0.0,0.0,0.0,0.0,12696.79,0.0,0.0,0.0,0.0,0.0,0.0,0.0,0.0,0.0,0.0,0.0,0.0,0.0,0.0,0.0,0.0,0.0
13520.72,10357.2,4968.68,1694.58,6004.27,6499.13,5064.74,11354.7,7848.029999999999,2663.08,96.55,9338.69,4581.28,11956.57,0.0,8308.78,8516.489999999998,7610.5,5558.81,10566.97,2391.33,5646.88,7221.989999999998,4822.84,6323.2,6195.14,8116.22,10279.15,5472.23,2368.04,2171.23,2389.06,2200.78,4653.03,2769.64,2835.68,3532.2,3736.12,11113.34,3736.12,10283.7,6195.14,14543.71,10566.97,8802.319999999998,8516.489999999998,2200.78,6336.98,6529.8,12594.54,4831.34,16824.6,15347.49,0.0,6571.23,0.0,0.0,7693.33,9439.31,15362.58,15347.49,14076.99,0.0,5029.02,14991.27,9511.45,6440.66,5120.59,10265.35,5251.1,0.0,0.0,16045.04,0.0,9221.28,9749.76,9923.75,11573.8,10126.97,10730.15,9632.14,10370.72,10568.95,9446.27,13403.58,12110.86,0.0,10178.23,10713.31,0.0,9276.17,9605.79,15562.11,9795.09,0.0,10813.93,12536.21,9749.76,11755.45,10370.72,9778.55,9632.14,9299.45,12427.04,9255.580000000002,12439.91,10126.97,9683.85,0.0,0.0,0.0,0.0,0.0,0.0,0.0,14231.78,0.0,0.0,0.0,0.0,15980.19,0.0,0.0,13675.96,0.0,0.0,0.0,10483.47,8883.27,12100.43,9290.78,11570.11,10871.78,9731.75,8701.17,12937.48,9277.76,9424.39,8822.28,9751.54,10611.09,5169.64,8471.639999999998,5333.96,10450.12,8769.69,8548.719999999998,8794.59,6673.22,0.0,0.0,16893.86,0.0,0.0,16893.86,0.0,0.0,0.0,0.0,0.0,0.0,0.0,0.0,0.0,0.0,0.0,0.0,0.0,16940.43,0.0,0.0,0.0,0.0,0.0,0.0,0.0,0.0,0.0,0.0,0.0,0.0,0.0,17016.09,0.0,0.0,0.0,0.0,0.0,0.0,16832.23,0.0,0.0,0.0,0.0,0.0,0.0,0.0,0.0,0.0,0.0,0.0,16885.96,0.0,0.0,0.0,0.0,0.0,0.0,0.0,0.0,0.0,0.0,0.0,0.0,15716.33,15786.54,16980.23,15305.96,0.0,15390.77,15648.03,15869.62,15380.22,0.0,15515.55,0.0,0.0,15515.55
5371.21,2391.12,3392.76,6641.74,2391.72,14776.6,13332.27,3416.16,523.03,10963.15,8405.09,1106.74,3771.87,0.0,8308.78,0.0,11177.93,10797.12,13269.5,13015.7,10127.11,9942.84,14763.38,9932.82,13945.67,13830.34,15593.06,12745.21,9947.41,10103.22,10332.87,10697.79,10342.15,12476.62,11015.76,9858.49,9707.26,11721.69,13526.55,11721.69,12735.23,13830.34,0.0,13015.7,11429.68,11177.93,10342.15,13950.8,14127.61,0.0,9954.28,14946.61,13808.19,0.0,11561.11,0.0,0.0,11592.84,10723.12,13818.73,13808.19,12965.04,0.0,12474.0,13576.74,10659.99,11530.95,12175.65,10569.61,12037.59,0.0,0.0,14307.85,0.0,16597.85,0.0,0.0,15600.65,0.0,0.0,0.0,15510.73,0.0,15586.86,16361.77,15944.46,0.0,15503.4,0.0,0.0,15989.9,0.0,0.0,0.0,0.0,15419.02,16135.54,0.0,0.0,15510.73,15453.06,0.0,16011.48,0.0,16097.56,0.0,0.0,15513.37,11289.02,10047.63,0.0,0.0,15463.28,0.0,13806.69,6999.83,17606.25,0.0,14015.51,0.0,8671.83,0.0,0.0,6197.16,12263.29,0.0,11557.97,2205.88,8079.96,4139.42,2974.49,13776.57,2572.7,2550.93,7564.2,16174.97,2954.25,9048.24,7910.229999999999,2570.75,11613.63,5470.25,12043.58,7181.86,2685.7,12322.72,12116.17,500.48,9316.41,0.0,0.0,0.0,0.0,0.0,0.0,0.0,0.0,0.0,0.0,0.0,0.0,0.0,0.0,0.0,0.0,0.0,0.0,0.0,0.0,0.0,0.0,0.0,0.0,0.0,0.0,0.0,0.0,0.0,0.0,0.0,0.0,0.0,0.0,0.0,0.0,0.0,0.0,0.0,0.0,0.0,0.0,0.0,0.0,0.0,0.0,0.0,0.0,0.0,0.0,0.0,0.0,0.0,0.0,0.0,0.0,0.0,0.0,0.0,0.0,0.0,0.0,0.0,0.0,0.0,11053.78,14443.2,10381.61,12395.23,0.0,11897.91,11180.17,10697.44,12010.08,0.0,11524.54,0.0,0.0,11524.54
16011.3,13509.06,8920.21,8214.35,9351.43,11909.48,11039.16,14473.9,10694.2,9436.74,8534.91,12179.21,8785.62,15511.65,8516.489999999998,11177.93,0.0,949.83,12872.61,2112.46,7257.13,2944.75,14436.51,3902.19,13596.89,13477.32,15268.46,1814.53,3147.14,7258.87,8147.01,9125.11,8089.859999999999,12023.39,9844.830000000002,6292.4,5310.01,11108.99,2675.15,11108.99,1814.62,13477.32,0.0,2112.46,296.18,0.0,8089.859999999999,13619.49,13796.16,0.0,3903.19,0.0,0.0,0.0,15075.35,0.0,0.0,16200.56,0.0,0.0,0.0,0.0,0.0,12765.13,0.0,0.0,14940.51,13146.15,0.0,13409.99,0.0,0.0,0.0,0.0,16342.19,15753.36,15730.32,0.0,15720.22,16095.17,15844.8,0.0,15972.66,0.0,0.0,0.0,0.0,0.0,16071.33,0.0,17010.93,15817.97,0.0,15770.33,0.0,0.0,0.0,15753.36,16810.32,0.0,0.0,15844.8,17033.14,0.0,16896.45,0.0,15720.22,0.0,0.0,0.0,0.0,0.0,0.0,0.0,0.0,0.0,0.0,0.0,0.0,0.0,0.0,0.0,0.0,17316.0,0.0,0.0,0.0,12426.09,4120.15,15126.74,9570.16,3093.3,13162.58,10476.98,4530.93,5061.94,9575.35,3575.66,4254.17,10482.78,2534.59,12147.63,16972.51,13141.4,11421.28,0.0,17050.55,11409.74,14947.76,0.0,0.0,0.0,0.0,0.0,0.0,0.0,0.0,0.0,0.0,0.0,0.0,0.0,0.0,0.0,0.0,0.0,0.0,0.0,0.0,0.0,0.0,0.0,0.0,0.0,0.0,0.0,0.0,0.0,0.0,0.0,0.0,0.0,0.0,0.0,0.0,0.0,0.0,0.0,0.0,0.0,0.0,0.0,0.0,0.0,0.0,0.0,0.0,0.0,0.0,0.0,0.0,0.0,0.0,0.0,0.0,0.0,0.0,0.0,0.0,0.0,0.0,0.0,0.0,0.0,0.0,0.0,0.0,0.0,0.0,0.0,0.0,0.0,0.0,0.0,0.0,0.0,0.0,0.0
15778.86,13160.73,8335.059999999998,7388.649999999999,8847.3,10997.1,10104.23,14148.16,10298.9,8486.95,7625.62,11831.53,8169.689999999999,14728.76,7610.5,10797.12,949.83,0.0,11923.77,2960.94,6307.74,2002.5,13490.61,2953.57,12649.18,12529.38,14324.8,2670.3,2202.03,6309.59,7197.66,8175.609999999999,7140.41,11073.69,8895.239999999998,5343.79,4362.77,10159.21,3514.16,10159.21,2674.28,12529.38,0.0,2960.94,1211.35,949.83,7140.41,12671.71,12848.76,0.0,2954.28,0.0,0.0,0.0,14157.54,0.0,0.0,15301.85,16778.58,0.0,0.0,0.0,0.0,11815.73,0.0,16825.48,14021.35,12199.62,0.0,12466.24,0.0,0.0,0.0,0.0,15400.78,14844.23,14828.84,0.0,14827.63,15214.96,14928.34,0.0,15089.94,16553.7,0.0,0.0,0.0,0.0,15191.3,0.0,16061.39,14901.43,0.0,14862.35,0.0,0.0,0.0,14844.23,15949.59,0.0,17058.24,14928.34,16083.6,16398.18,15947.5,16417.49,14827.63,16910.94,0.0,0.0,0.0,0.0,0.0,0.0,0.0,0.0,0.0,0.0,0.0,0.0,0.0,0.0,0.0,16977.33,0.0,0.0,0.0,12181.98,4352.52,14822.36,9419.14,3961.9,12898.59,10307.39,4686.23,5683.6,9422.34,3998.68,4460.17,10315.06,3432.31,11407.2,16077.08,12336.37,11257.77,16376.96,16154.7,11063.28,14096.79,0.0,0.0,0.0,0.0,0.0,0.0,0.0,0.0,0.0,0.0,0.0,0.0,0.0,0.0,0.0,0.0,0.0,0.0,0.0,0.0,0.0,0.0,0.0,0.0,0.0,0.0,0.0,0.0,0.0,0.0,0.0,0.0,0.0,0.0,0.0,0.0,0.0,0.0,0.0,0.0,0.0,0.0,0.0,0.0,0.0,0.0,0.0,0.0,0.0,0.0,0.0,0.0,0.0,0.0,0.0,0.0,0.0,0.0,0.0,0.0,0.0,0.0,0.0,0.0,0.0,0.0,0.0,0.0,0.0,0.0,0.0,0.0,0.0,0.0,0.0,0.0,0.0,0.0,0.0
0.0,14952.42,10189.58,7128.46,11188.26,2954.41,2365.19,15848.78,12880.07,3482.87,5475.81,14173.65,9817.72,7975.3,5558.81,13269.5,12872.61,11923.77,0.0,14661.55,5658.65,9969.56,1674.71,8991.899999999998,772.6499999999999,643.97,2569.63,14410.6,9759.13,5661.09,4785.77,3820.51,4836.71,917.66,3115.42,6630.56,7617.83,1877.58,15143.37,1877.58,14421.17,643.97,8991.87,14661.55,13117.89,12872.61,4836.71,789.6,982.02,7035.95,8988.26,0.0,15570.62,0.0,4654.45,0.0,0.0,6184.74,9302.87,15586.15,15570.62,14252.33,0.0,935.05,15193.94,9446.48,4509.2,1635.93,10516.63,2075.23,0.0,0.0,16285.45,0.0,3682.78,4467.28,4735.39,8439.19,5044.36,5712.61,4252.73,6517.46,5547.86,4830.62,10760.58,9019.93,0.0,6195.0,5702.24,15927.97,4149.14,4228.66,13418.24,4523.69,15051.61,7349.31,9550.21,4467.28,6804.64,6517.46,5551.03,4252.73,4170.86,7543.63,4023.96,7551.27,5044.36,5324.85,0.0,0.0,0.0,0.0,0.0,0.0,0.0,0.0,0.0,0.0,0.0,0.0,0.0,0.0,0.0,0.0,0.0,0.0,0.0,15472.96,14201.17,16555.13,14713.12,15633.9,15718.85,15055.05,14086.64,16275.91,14698.49,14608.86,14163.53,15075.88,15281.53,8544.52,6851.69,7477.7,15679.09,7021.87,6894.37,13769.96,7026.88,0.0,11974.89,12468.91,12495.38,0.0,12468.91,0.0,0.0,11950.69,0.0,0.0,12143.03,0.0,0.0,0.0,0.0,12131.11,13732.56,0.0,12438.5,13959.5,15727.84,0.0,13917.27,0.0,0.0,0.0,0.0,0.0,14377.85,0.0,0.0,11950.69,12237.82,0.0,11968.14,0.0,0.0,0.0,0.0,11916.3,0.0,0.0,0.0,0.0,12515.1,0.0,11951.78,0.0,0.0,0.0,15583.97,11879.76,12030.08,0.0,15627.23,0.0,0.0,15745.82,0.0,0.0,12077.61,0.0,0.0,0.0,0.0,15807.99,0.0,16414.72,16050.4,0.0,0.0,0.0,16762.65,0.0,0.0,0.0,0.0,0.0
17633.57,15294.95,10953.16,10322.56,11320.83,13426.54,12693.38,16227.1,12551.05,11290.77,10580.19,13972.65,10838.61,16499.15,10566.97,13015.7,2112.46,2960.94,14661.55,0.0,9141.84,4930.65,16172.14,5834.11,15361.58,15246.25,16975.6,298.27,5117.48,9146.46,10027.63,10995.98,9967.96,13843.94,11709.35,8199.44,7241.04,12958.01,562.92,12958.01,300.13,15246.25,0.0,0.0,1816.28,2112.46,9967.96,15385.19,15555.02,0.0,5831.18,0.0,0.0,0.0,17101.1,0.0,0.0,0.0,0.0,0.0,0.0,0.0,0.0,14626.51,0.0,0.0,16963.25,15052.72,0.0,15339.79,0.0,0.0,0.0,0.0,0.0,0.0,17168.61,0.0,17117.06,0.0,0.0,0.0,0.0,0.0,0.0,0.0,0.0,0.0,0.0,0.0,0.0,0.0,0.0,0.0,0.0,0.0,0.0,0.0,0.0,0.0,0.0,0.0,0.0,0.0,0.0,0.0,17117.06,0.0,0.0,0.0,0.0,0.0,0.0,0.0,0.0,0.0,0.0,0.0,0.0,0.0,0.0,0.0,0.0,0.0,0.0,0.0,0.0,14089.02,5344.81,16849.68,11140.96,1004.02,14845.74,12060.12,5841.29,3182.12,11148.83,4521.08,5508.58,12063.27,2154.36,14252.25,0.0,15253.53,12984.13,0.0,0.0,13207.35,17048.45,0.0,0.0,0.0,0.0,0.0,0.0,0.0,0.0,0.0,0.0,0.0,0.0,0.0,0.0,0.0,0.0,0.0,0.0,0.0,0.0,0.0,0.0,0.0,0.0,0.0,0.0,0.0,0.0,0.0,0.0,0.0,0.0,0.0,0.0,0.0,0.0,0.0,0.0,0.0,0.0,0.0,0.0,0.0,0.0,0.0,0.0,0.0,0.0,0.0,0.0,0.0,0.0,0.0,0.0,0.0,0.0,0.0,0.0,0.0,0.0,0.0,0.0,0.0,0.0,0.0,0.0,0.0,0.0,0.0,0.0,0.0,0.0,0.0,0.0,0.0,0.0,0.0,0.0,0.0
15462.43,12330.53,6737.24,3641.22,7740.939999999999,5411.68,4174.43,13353.92,9630.03,2186.16,2329.89,11207.83,6364.64,10439.68,2391.33,10127.11,7257.13,6307.74,5658.65,9141.84,0.0,4326.6,7277.08,3355.94,6406.02,6282.13,8142.739999999998,8875.239999999998,4118.41,24.82,889.98,1868.21,832.82,4784.12,2588.37,972.75,1961.81,3855.35,9652.9,3855.35,8883.87,6282.13,14230.14,9141.84,7514.29,7257.13,832.82,6427.1,6610.99,12390.09,3354.35,0.0,0.0,0.0,8159.029999999999,0.0,0.0,9480.88,11596.93,0.0,0.0,16351.4,0.0,5508.01,0.0,11683.15,8010.71,5910.88,12502.65,6204.1,0.0,0.0,0.0,0.0,9245.1,9125.86,9206.54,13043.04,9314.44,9834.21,9114.68,11541.86,9684.830000000002,10247.67,15069.15,13607.51,0.0,11290.55,9813.74,0.0,9770.84,9087.31,0.0,9158.09,0.0,12146.76,14076.9,9125.86,10760.33,11541.86,10773.85,9114.68,9793.29,11357.14,9670.48,11372.95,9314.44,10616.67,0.0,0.0,0.0,0.0,0.0,0.0,0.0,16417.53,0.0,0.0,0.0,0.0,0.0,0.0,0.0,15812.42,0.0,0.0,0.0,12216.92,8722.979999999998,14103.43,10559.77,10135.38,12694.73,11149.01,8680.68,11138.24,10550.29,9035.27,8707.77,11166.77,9628.81,7553.17,10272.66,7681.2,11965.12,10551.57,10344.59,10586.15,8817.739999999998,0.0,0.0,0.0,0.0,0.0,0.0,0.0,0.0,0.0,0.0,0.0,0.0,0.0,0.0,0.0,0.0,0.0,0.0,0.0,0.0,0.0,0.0,0.0,0.0,0.0,0.0,0.0,0.0,0.0,0.0,0.0,0.0,0.0,0.0,0.0,0.0,0.0,0.0,0.0,0.0,0.0,0.0,0.0,0.0,0.0,0.0,0.0,0.0,0.0,0.0,0.0,0.0,0.0,0.0,0.0,0.0,0.0,0.0,0.0,0.0,0.0,0.0,0.0,0.0,0.0,0.0,0.0,0.0,0.0,0.0,0.0,0.0,0.0,0.0,0.0,0.0,0.0,0.0,0.0
15165.69,12333.9,7082.72,5592.96,7766.95,9231.88,8242.54,13355.96,9424.22,6511.79,5656.47,11028.5,6850.13,13368.74,5646.88,9942.84,2944.75,2002.5,9969.56,4930.65,4326.6,0.0,11559.6,979.09,10705.21,10583.57,12407.01,4647.45,212.03,4327.09,5214.91,6194.05,5158.96,9106.68,6914.46,3356.75,2369.84,8181.96,5471.37,8181.96,4653.25,10583.57,0.0,4930.65,3213.64,2944.75,5158.96,10727.17,10907.25,16511.28,984.2,0.0,0.0,0.0,12170.51,0.0,0.0,13338.95,14928.35,0.0,0.0,0.0,0.0,9831.28,0.0,14982.98,12032.86,10202.48,15626.41,10465.29,0.0,0.0,0.0,0.0,13494.48,13076.27,13089.13,0.0,13119.72,13548.27,13132.23,15780.9,13415.26,14563.16,0.0,0.0,0.0,15547.25,13525.36,0.0,14095.18,13105.06,0.0,13098.69,0.0,16323.6,0.0,13076.27,14344.26,15780.9,15058.86,13132.23,14117.57,14839.77,13989.56,14858.21,13119.72,14913.85,0.0,0.0,0.0,0.0,0.0,0.0,0.0,16894.82,0.0,0.0,0.0,0.0,0.0,0.0,0.0,16126.98,0.0,0.0,0.0,11596.46,5141.38,14067.29,9104.32,5934.66,12257.49,9925.61,5297.17,7388.29,9103.11,5147.12,5189.51,9937.09,5314.27,9754.85,14118.35,10545.19,10864.99,14415.87,14195.33,10278.46,12213.19,0.0,0.0,0.0,0.0,0.0,0.0,0.0,0.0,0.0,0.0,0.0,0.0,0.0,0.0,0.0,0.0,0.0,0.0,0.0,0.0,0.0,0.0,0.0,0.0,0.0,0.0,0.0,0.0,0.0,0.0,0.0,0.0,0.0,0.0,0.0,0.0,0.0,0.0,0.0,0.0,0.0,0.0,0.0,0.0,0.0,0.0,0.0,0.0,0.0,0.0,0.0,0.0,0.0,0.0,0.0,0.0,0.0,0.0,0.0,0.0,0.0,0.0,0.0,0.0,0.0,0.0,0.0,0.0,0.0,0.0,0.0,0.0,0.0,0.0,0.0,0.0,0.0,0.0,0.0
0.0,16346.37,11764.43,8765.66,12747.59,3473.88,3549.39,0.0,14393.2,5122.96,7140.51,15631.09,11398.74,7410.34,7221.989999999998,14763.38,14436.51,13490.61,1674.71,16172.14,7277.08,11559.6,0.0,10580.52,902.41,1031.18,895.5299999999999,15929.03,11348.15,7281.16,6417.92,5466.11,6466.2,2592.31,4772.32,8244.43,9226.4,3550.47,16639.64,3550.47,15940.45,1031.18,7357.069999999999,16172.14,14674.18,14436.51,6466.2,886.83,693.67,5384.5,10575.71,0.0,15800.75,0.0,5021.62,0.0,0.0,6425.12,9684.18,15816.02,15800.75,14504.18,0.0,2299.53,15427.62,9839.69,4905.6,2647.18,10939.99,2917.76,0.0,0.0,0.0,0.0,2008.07,3236.19,3582.17,7807.16,3965.83,4638.54,2920.74,5700.8,4482.68,3748.12,10202.67,8371.33,0.0,5341.01,4634.2,15494.92,2763.61,2901.42,12946.41,3300.36,14601.34,6649.62,8915.77,3236.19,5717.7,5700.8,4627.65,2920.74,2782.21,6469.84,2562.73,6473.63,3965.83,4348.76,0.0,0.0,0.0,0.0,0.0,0.0,0.0,0.0,0.0,0.0,0.0,0.0,0.0,0.0,0.0,0.0,0.0,0.0,0.0,16958.72,15868.66,0.0,16316.08,17131.8,0.0,16628.87,15758.48,0.0,16301.0,16264.52,15832.67,16649.92,16873.58,9829.64,6963.91,8588.1,0.0,7067.1,6988.9,15263.38,7749.02,0.0,10316.32,11170.92,11149.24,15740.81,11170.92,0.0,0.0,10338.51,0.0,0.0,10470.96,0.0,0.0,0.0,0.0,10502.76,12603.4,0.0,11111.01,12852.4,14907.26,0.0,12803.13,0.0,0.0,0.0,0.0,0.0,13305.76,0.0,0.0,10338.51,10805.77,0.0,10361.34,0.0,0.0,0.0,0.0,10434.48,0.0,0.0,0.0,0.0,11135.06,0.0,10349.18,0.0,0.0,0.0,14669.83,10363.93,10379.94,0.0,14746.95,0.0,0.0,14924.72,0.0,0.0,10438.84,0.0,0.0,0.0,0.0,15971.61,0.0,0.0,15761.43,0.0,0.0,0.0,0.0,0.0,0.0,0.0,0.0,0.0
15238.99,12313.06,6879.18,4980.34,7659.739999999998,8286.3,7272.43,13345.82,9410.01,5538.83,4822.81,11033.83,6605.83,12564.19,4822.84,9932.82,3902.19,2953.57,8991.899999999998,5834.11,3355.94,979.09,10580.52,0.0,9726.56,9605.05,11428.18,5558.21,767.73,3357.28,4245.52,5224.15,4188.76,8131.47,5944.26,2390.25,1411.76,7210.21,6362.62,7210.21,5565.43,9605.05,0.0,5834.11,4162.7,3902.19,4188.76,9748.56,9928.46,15544.07,21.83,0.0,0.0,0.0,11286.36,0.0,0.0,12491.41,14199.81,0.0,0.0,0.0,0.0,8863.58,0.0,14261.45,11146.04,9247.67,14945.36,9519.52,0.0,0.0,0.0,0.0,12516.27,12125.3,12146.18,16250.78,12186.36,12627.63,12173.82,14844.62,12492.17,13600.22,0.0,16804.38,0.0,14605.62,12605.0,0.0,13120.23,12146.6,0.0,12148.88,0.0,15404.87,0.0,12125.3,13443.35,14844.62,14108.0,12173.82,13142.57,13954.76,13012.8,13972.85,12186.36,13958.63,0.0,0.0,0.0,0.0,0.0,0.0,0.0,16803.02,0.0,0.0,0.0,0.0,0.0,0.0,0.0,16067.26,0.0,0.0,0.0,11712.29,5931.43,14072.23,9387.18,6835.74,12337.84,10163.95,6031.45,8120.46,9383.88,6025.65,5961.66,10177.13,6293.26,9218.21,13275.48,9885.36,11086.12,13569.52,13351.51,10302.82,11458.83,0.0,0.0,0.0,0.0,0.0,0.0,0.0,0.0,0.0,0.0,0.0,0.0,0.0,0.0,0.0,0.0,0.0,0.0,0.0,0.0,0.0,0.0,0.0,0.0,0.0,0.0,0.0,0.0,0.0,0.0,0.0,0.0,0.0,0.0,0.0,0.0,0.0,0.0,0.0,0.0,0.0,0.0,0.0,0.0,0.0,0.0,0.0,0.0,0.0,0.0,0.0,0.0,0.0,0.0,0.0,0.0,0.0,0.0,0.0,0.0,0.0,0.0,0.0,0.0,0.0,0.0,0.0,0.0,0.0,0.0,0.0,0.0,0.0,0.0,0.0,0.0,0.0,0.0,0.0
0.0,15578.99,10906.43,7878.05,11897.33,3110.31,2863.09,16459.5,13565.91,4239.51,6241.13,14831.73,10537.69,7690.81,6323.2,13945.67,13596.89,12649.18,772.6499999999999,15361.58,6406.02,10705.21,902.41,9726.56,0.0,128.77,1797.78,15114.2,10494.24,6409.26,5539.34,4580.15,5589.0,1690.29,3880.3,7376.229999999999,8361.389999999998,2649.76,15836.89,2649.76,15125.17,128.77,8239.54,15361.58,13838.71,13596.89,5589.0,26.32,209.44,6275.52,9722.37,0.0,15638.0,0.0,4737.73,0.0,0.0,6224.15,9427.11,15653.44,15638.0,14327.85,0.0,1478.43,15262.44,9576.9,4604.66,1980.74,10664.8,2341.0,0.0,0.0,16348.21,0.0,2910.34,3869.57,4171.92,8095.069999999999,4514.82,5190.81,3613.14,6082.48,5028.49,4271.34,10457.58,8670.96,0.0,5741.82,5182.91,15691.05,3469.3,3590.66,13159.88,3929.68,14805.68,6970.0,9209.46,3869.57,6284.23,6082.48,5063.4,3613.14,3490.12,7032.32,3317.01,7038.33,4514.82,4813.41,0.0,0.0,0.0,0.0,0.0,0.0,0.0,0.0,0.0,0.0,0.0,0.0,0.0,0.0,0.0,0.0,0.0,0.0,0.0,16145.74,14971.71,0.0,15445.61,16328.3,16373.18,15772.52,14858.72,16907.93,15430.75,15374.64,14934.69,15793.46,16019.16,9110.55,6835.87,7952.5,16382.55,6975.95,6870.57,14446.08,7305.79,0.0,11206.92,11847.71,11853.94,16057.04,11847.71,0.0,0.0,11200.18,0.0,0.0,11370.74,0.0,0.0,0.0,0.0,11374.38,13184.74,0.0,11804.84,13421.44,15317.2,0.0,13376.13,0.0,0.0,0.0,0.0,0.0,13855.41,0.0,0.0,11200.18,11560.35,0.0,11219.73,0.0,0.0,0.0,0.0,11218.13,0.0,0.0,0.0,0.0,11859.47,0.0,11205.02,0.0,0.0,0.0,15131.87,11167.7,11265.15,0.0,15190.1,0.0,0.0,15334.98,0.0,0.0,11316.91,0.0,0.0,0.0,0.0,15844.7,0.0,16595.21,15879.03,0.0,0.0,0.0,0.0,0.0,0.0,0.0,0.0,0.0
0.0,15471.28,10784.96,7751.89,11777.02,3075.47,2774.44,16354.28,13449.11,4113.86,6112.97,14719.17,10415.75,7737.54,6195.14,13830.34,13477.32,12529.38,643.97,15246.25,6282.13,10583.57,1031.18,9605.05,128.77,0.0,1926.53,14998.25,10372.68,6285.24,5414.33,4454.03,5464.21,1561.58,3753.23,7252.7,8238.28,2521.25,15722.69,2521.25,15009.15,0.0,8365.59,15246.25,13719.75,13477.32,5464.21,146.28,338.06,6402.76,9600.95,0.0,15619.97,0.0,4711.02,0.0,0.0,6206.74,9397.99,15635.42,15619.97,14308.23,0.0,1370.25,15244.16,9546.830000000002,4575.71,1902.47,10632.26,2277.0,0.0,0.0,16331.06,0.0,3039.11,3967.74,4264.24,8144.489999999998,4601.44,5276.67,3718.66,6146.77,5113.79,4356.96,10500.81,8721.51,0.0,5809.14,5268.33,15724.11,3577.81,3695.88,13196.14,4027.24,14840.13,7024.98,9258.79,3967.74,6370.56,6146.77,5136.41,3718.66,3598.83,7117.46,3431.0,7123.75,4601.44,4890.58,0.0,0.0,0.0,0.0,0.0,0.0,0.0,0.0,0.0,0.0,0.0,0.0,0.0,0.0,0.0,0.0,0.0,0.0,0.0,16031.01,14843.65,17054.25,15322.01,16213.97,16261.26,15651.1,14730.27,16804.24,15307.18,15247.59,14806.48,15672.03,15897.29,9011.330000000002,6828.24,7866.88,16263.22,6973.47,6864.3,14330.78,7250.489999999998,0.0,11334.33,11947.41,11957.32,16106.79,11947.41,0.0,0.0,11323.96,0.0,0.0,11499.25,0.0,0.0,0.0,0.0,11499.42,13271.43,0.0,11906.8,13506.43,15380.08,0.0,13461.66,0.0,0.0,0.0,0.0,0.0,13937.68,0.0,0.0,11323.96,11670.32,0.0,11343.1,0.0,0.0,0.0,0.0,11331.92,0.0,0.0,0.0,0.0,11965.44,0.0,11328.06,0.0,0.0,0.0,15201.95,11284.09,11391.89,0.0,15257.57,0.0,0.0,15397.89,0.0,0.0,11442.75,0.0,0.0,0.0,0.0,15831.78,0.0,16558.72,15900.99,0.0,0.0,0.0,0.0,0.0,0.0,0.0,0.0,0.0
